1.0001   0
1.020563 0
1.041026 0
1.061488 0
1.081951 0
1.102414 0
1.122877 0
1.14334  0
1.163802 0
1.184265 0
1.204728 0
1.225191 0
1.245653 0
1.266116 0
1.286579 0
1.307042 0
1.327504 0
1.347967 0
1.36843  0
1.388893 0
1.409356 0
1.429818 0
1.450281 0
1.470744 0
1.491207 0
1.511669 0
1.532132 0
1.552595 0
1.573058 0
1.593521 0
1.613983 0
1.634446 0
1.654909 0
1.675372 0
1.695834 0
1.716297 0
1.73676  0
1.757223 0
1.777686 0
1.798148 0
1.818611 0
1.839074 0
1.859537 0
1.879999 0
1.900462 0
1.920925 0
1.941388 0
1.961851 0
1.982313 0
2.002776 0
2.023239 0
2.043702 0
2.064164 0
2.084627 0
2.10509  0
2.125553 0
2.146016 0
2.166478 0
2.186941 0
2.207404 0
2.227867 0
2.248329 0
2.268792 0
2.289255 0
2.309718 0
2.330181 0
2.350643 0
2.371106 0
2.391569 0
2.412032 0
2.432494 0
2.452957 0
2.47342  0
2.493883 0
2.514346 0
2.534808 0
2.555271 0
2.575734 0
2.596197 0
2.616659 0
2.637122 0
2.657585 0
2.678048 0
2.698511 0
2.718973 0
2.739436 0
2.759899 0
2.780362 0
2.800824 0
2.821287 0
2.84175  0
2.862213 0
2.882676 0
2.903138 0
2.923601 0
2.944064 0
2.964527 0
2.984989 0
3.005452 0
3.025915 0
3.046378 0
3.066841 0
3.087303 0
3.107766 0
3.128229 0
3.148692 0
3.169154 0
3.189617 0
3.21008  0
3.230543 65
3.251006 215
3.271468 185
3.291931 198
3.312394 145
3.332857 197
3.353319 159
3.373782 181
3.394245 166
3.414708 148
3.435171 156
3.455633 160
3.476096 153
3.496559 162
3.517022 132
3.537484 133
3.557947 134
3.57841  137
3.598873 104
3.619336 136
3.639798 135
3.660261 114
3.680724 128
3.701187 117
3.721649 113
3.742112 137
3.762575 109
3.783038 109
3.8035   102
3.823963 119
3.844426 107
3.864889 109
3.885352 122
3.905814 124
3.926277 104
3.94674  117
3.967203 95
3.987665 120
4.008128 117
4.028591 99
4.049054 97
4.069517 108
4.08998  109
4.110442 115
4.130905 90
4.151368 90
4.171831 100
4.192293 108
4.212756 108
4.233219 94
4.253682 105
4.274144 122
4.294607 80
4.31507  103
4.335533 88
4.355996 104
4.376458 94
4.396921 81
4.417384 90
4.437847 107
4.458309 98
4.478772 96
4.499235 103
4.519698 94
4.540161 88
4.560623 102
4.581086 83
4.601549 90
4.622012 77
4.642474 86
4.662937 90
4.6834   77
4.703863 99
4.724326 87
4.744788 82
4.765251 107
4.785714 88
4.806177 78
4.826639 78
4.847102 74
4.867565 94
4.888028 95
4.908491 81
4.928953 86
4.949416 100
4.969879 76
4.990342 90
5.010804 86
5.031267 83
5.05173  96
5.072193 91
5.092656 77
5.113118 88
5.133581 85
5.154044 92
5.174507 90
5.194969 84
5.215432 84
5.235895 78
5.256358 83
5.276821 74
5.297283 76
5.317746 78
5.338209 90
5.358672 77
5.379134 76
5.399597 92
5.42006  70
5.440523 72
5.460986 64
5.481448 96
5.501911 53
5.522374 70
5.542837 83
5.563299 92
5.583762 78
5.604225 76
5.624688 91
5.645151 75
5.665613 75
5.686076 62
5.706539 68
5.727002 79
5.747464 75
5.767927 74
5.78839  80
5.808853 67
5.829316 77
5.849778 80
5.870241 69
5.890704 67
5.911167 49
5.931629 73
5.952092 63
5.972555 72
5.993018 90
6.013481 57
6.033943 40
6.054406 4
6.074869 0
6.095332 0
6.115794 0
6.136257 0
6.15672  0
6.177183 0
6.197646 0
6.218108 0
6.238571 0
6.259034 0
6.279497 0
6.299959 0
6.320422 0
6.340885 0
6.361348 0
6.381811 0
6.402273 0
6.422736 0
6.443199 0
6.463662 0
6.484124 0
6.504587 0
6.52505  0
6.545513 0
6.565976 0
6.586438 0
6.606901 0
6.627364 0
6.647827 0
6.668289 0
6.688752 0
6.709215 0
6.729678 0
6.750141 0
6.770603 0
6.791066 0
6.811529 0
6.831992 0
6.852454 0
6.872917 0
6.89338  0
6.913843 0
6.934306 0
6.954768 0
6.975231 0
6.995694 0
7.016157 0
7.036619 0
7.057082 0
7.077545 0
7.098008 0
7.118471 0
7.138933 0
7.159396 0
7.179859 0
7.200322 0
7.220784 0
7.241247 0
7.26171  0
7.282173 0
7.302636 0
7.323098 0
7.343561 0
7.364024 0
7.384487 0
7.404949 0
7.425412 0
7.445875 0
7.466338 0
7.486801 0
7.507263 0
7.527726 0
7.548189 0
7.568652 0
7.589114 0
7.609577 0
7.63004  0
7.650503 0
7.670966 0
7.691428 0
7.711891 0
7.732354 0
7.752817 0
7.773279 0
7.793742 0
7.814205 0
7.834668 0
7.855131 0
7.875593 0
7.896056 0
7.916519 0
7.936982 0
7.957444 0
7.977907 0
7.99837  0
8.018833 0
8.039295 0
8.059758 0
8.080221 0
8.100684 0
8.121146 0
8.141609 0
8.162072 0
8.182535 0
8.202997 0
8.22346  0
8.243923 0
8.264386 0
8.284849 0
8.305311 0
8.325774 0
8.346237 0
8.3667   0
8.387162 0
8.407625 0
8.428088 0
8.448551 0
8.469014 0
8.489476 0
8.509939 0
8.530402 0
8.550865 0
8.571327 0
8.59179  0
8.612253 0
8.632716 0
8.653179 0
8.673641 0
8.694104 0
8.714567 0
8.73503  0
8.755492 0
8.775955 0
8.796418 0
8.816881 0
8.837344 0
8.857806 0
8.878269 0
8.898732 11
8.919195 14
8.939657 51
8.96012  49
8.980583 36
9.001046 66
9.021509 65
9.041971 55
9.062434 44
9.082897 69
9.10336  55
9.123822 61
9.144285 53
9.164748 61
9.185211 48
9.205674 54
9.226136 56
9.246599 61
9.267062 53
9.287525 66
9.307987 49
9.32845  78
9.348913 44
9.369376 53
9.389839 68
9.410301 57
9.430764 37
9.451227 59
9.47169  67
9.492152 60
9.512615 64
9.533078 52
9.553541 69
9.574004 49
9.594466 67
9.614929 67
9.635392 42
9.655855 57
9.676317 61
9.69678  41
9.717243 63
9.737706 42
9.758169 54
9.778631 71
9.799094 65
9.819557 57
9.84002  66
9.860482 38
9.880945 82
9.901408 69
9.921871 52
9.942334 49
9.962796 61
9.983259 52
10.00372 72
10.02418 38
10.04464 53
10.06511 45
10.08557 83
10.10603 38
10.12649 58
10.14696 56
10.16742 66
10.18788 50
10.20835 71
10.22881 66
10.24927 49
10.26973 63
10.29020 48
10.31066 69
10.33112 53
10.35158 72
10.37205 57
10.39251 59
10.41297 55
10.43344 61
10.45390 54
10.47436 64
10.49482 42
10.51529 64
10.53575 67
10.55621 47
10.57668 51
10.59714 68
10.61760 62
10.63806 45
10.65853 67
10.67899 65
10.69945 31
10.71991 50
10.74038 55
10.76084 40
10.78130 42
10.80177 46
10.82223 34
10.84269 37
10.86315 27
10.88362 36
10.90408 6
10.92454 25
10.94501 23
10.96547 27
10.98593 10
11.00639 8
11.02686 10
11.04732 4
11.06778 0
11.08824 0
11.10871 14
11.12917 0
11.14963 0
11.1701  0
11.19056 7
11.21102 0
11.23148 0
11.25195 0
11.27241 0
11.29287 0
11.31334 0
11.33380 0
11.35426 0
11.37472 0
11.39519 0
11.41565 0
11.43611 0
11.45657 0
11.47704 0
11.49750 0
11.51796 0
11.53843 0
11.55889 0
11.57935 0
11.59981 0
11.62028 0
11.64074 0
11.66120 0
11.68167 0
11.70213 0
11.72259 0
11.74305 0
11.76352 0
11.78398 0
11.80444 0
11.82490 0
11.84537 0
11.86583 0
11.88629 0
11.90676 0
11.92722 0
11.94768 0
11.96814 0
11.98861 0
12.00907 0
12.02953 0
12.05    0
12.07046 0
12.09092 0
12.11138 0
12.13185 0
12.15231 0
12.17277 0
12.19323 0
12.21370 0
12.23416 0
12.25462 0
12.27509 0
12.29555 0
12.31601 0
12.33647 0
12.35694 0
12.37740 0
12.39786 0
12.41833 0
12.43879 0
12.45925 0
12.47971 0
12.50018 0
12.52064 0
12.54110 0
12.56156 10
12.58203 9
12.60249 3
12.62295 1
12.64342 2
12.66388 6
12.68434 3
12.70480 17
12.72527 28
12.74573 12
12.76619 29
12.78666 36
12.80712 14
12.82758 20
12.84804 51
12.86851 31
12.88897 20
12.90943 22
12.92989 30
12.95036 38
12.97082 28
12.99128 42
13.01175 49
13.03221 33
13.05267 48
13.07313 65
13.09360 41
13.11406 44
13.13452 45
13.15499 43
13.17545 57
13.19591 57
13.21637 47
13.23684 66
13.25730 33
13.27776 59
13.29822 50
13.31869 53
13.33915 61
13.35961 62
13.38008 62
13.40054 23
13.42100 57
13.44146 62
13.46193 42
13.48239 51
13.50285 69
13.52332 57
13.54378 52
13.56424 63
13.58470 51
13.60517 38
13.62563 52
13.64609 69
13.66655 61
13.68702 59
13.70748 32
13.72794 38
13.74841 63
13.76887 61
13.78933 39
13.80979 43
13.83026 53
13.85072 62
13.87118 57
13.89165 54
13.91211 35
13.93257 56
13.95303 43
13.97350 55
13.99396 53
14.01442 46
14.03488 58
14.05535 39
14.07581 45
14.09627 55
14.11674 64
14.13720 36
14.15766 58
14.17812 50
14.19859 39
14.21905 47
14.23951 47
14.25998 48
14.28044 58
14.30090 57
14.32136 45
14.34183 50
14.36229 46
14.38275 38
14.40321 46
14.42368 57
14.44414 35
14.46460 59
14.48507 43
14.50553 52
14.52599 55
14.54645 42
14.56692 47
14.58738 64
14.60784 59
14.62831 41
14.64877 53
14.66923 57
14.68969 49
14.71016 44
14.73062 50
14.75108 44
14.77154 40
14.79201 44
14.81247 43
14.83293 41
14.8534  49
14.87386 45
14.89432 49
14.91478 66
14.93525 49
14.95571 34
14.97617 56
14.99664 47
15.01710 44
15.03756 58
15.05802 64
15.07849 56
15.09895 53
15.11941 47
15.13987 62
15.16034 45
15.18080 21
15.20126 51
15.22173 62
15.24219 27
15.26265 29
15.28311 57
15.30358 58
15.32404 40
15.34450 41
15.36497 60
15.38543 58
15.40589 52
15.42635 36
15.44682 46
15.46728 53
15.48774 36
15.50820 44
15.52867 51
15.54913 39
15.56959 45
15.59006 49
15.61052 55
15.63098 29
15.65144 61
15.67191 56
15.69237 46
15.71283 62
15.7333  49
15.75376 60
15.77422 74
15.79468 74
15.81515 92
15.83561 116
15.85607 121
15.87653 174
15.89700 290
15.91746 379
15.93792 349
15.95839 252
15.97885 160
15.99931 48
16.01977 46
16.04024 66
16.06070 72
16.08116 56
16.10162 52
16.12209 50
16.14255 54
16.16301 49
16.18348 53
16.20394 71
16.22440 60
16.24486 41
16.26533 42
16.28579 60
16.30625 49
16.32672 54
16.34718 36
16.36764 60
16.38810 44
16.40857 45
16.42903 63
16.44949 51
16.46995 57
16.49042 63
16.51088 49
16.53134 36
16.55181 46
16.57227 47
16.59273 44
16.61319 33
16.63366 43
16.65412 66
16.67458 52
16.69505 42
16.71551 42
16.73597 51
16.75643 54
16.77690 49
16.79736 48
16.81782 34
16.83828 31
16.85875 42
16.87921 56
16.89967 53
16.92014 37
16.94060 51
16.96106 41
16.98152 44
17.00199 50
17.02245 59
17.04291 50
17.06338 32
17.08384 49
17.10430 62
17.12476 43
17.14523 30
17.16569 55
17.18615 57
17.20661 35
17.22708 56
17.24754 68
17.26800 66
17.28847 27
17.30893 45
17.32939 45
17.34985 54
17.37032 51
17.39078 42
17.41124 24
17.43171 28
17.45217 57
17.47263 51
17.49309 39
17.51356 50
17.53402 59
17.55448 64
17.57494 31
17.59541 32
17.61587 39
17.63633 54
17.65680 44
17.67726 43
17.69772 46
17.71818 57
17.73865 40
17.75911 56
17.77957 56
17.80004 30
17.82050 49
17.84096 53
17.86142 34
17.88189 42
17.90235 49
17.92281 53
17.94327 53
17.96374 32
17.98420 55
18.00466 58
18.02513 52
18.04559 50
18.06605 65
18.08651 57
18.10698 64
18.12744 50
18.14790 49
18.16837 45
18.18883 74
18.20929 63
18.22975 45
18.25022 48
18.27068 32
18.29114 47
18.31160 56
18.33207 52
18.35253 48
18.37299 42
18.39346 38
18.41392 53
18.43438 59
18.45484 45
18.47531 40
18.49577 49
18.51623 37
18.53670 61
18.55716 46
18.57762 45
18.59808 33
18.61855 32
18.63901 47
18.65947 52
18.67993 31
18.70040 41
18.72086 38
18.74132 36
18.76179 34
18.78225 48
18.80271 60
18.82317 50
18.84364 35
18.86410 46
18.88456 56
18.90503 53
18.92549 34
18.94595 26
18.96641 38
18.98688 44
19.00734 38
19.02780 36
19.04826 36
19.06873 34
19.08919 66
19.10965 35
19.13012 40
19.15058 41
19.17104 51
19.19150 30
19.21197 38
19.23243 49
19.25289 48
19.27336 57
19.29382 48
19.31428 54
19.33474 59
19.35521 54
19.37567 49
19.39613 37
19.41659 35
19.43706 47
19.45752 52
19.47798 42
19.49845 35
19.51891 36
19.53937 51
19.55983 37
19.58030 22
19.60076 36
19.62122 28
19.64169 43
19.66215 47
19.68261 34
19.70307 40
19.72354 51
19.74400 46
19.76446 27
19.78492 39
19.80539 36
19.82585 52
19.84631 42
19.86678 39
19.88724 35
19.90770 34
19.92816 48
19.94863 67
19.96909 88
19.98955 38
20.01002 28
20.03048 29
20.05094 43
20.07140 65
20.09187 41
20.11233 37
20.13279 44
20.15325 55
20.17372 55
20.19418 31
20.21464 34
20.23511 32
20.25557 44
20.27603 38
20.29649 61
20.31696 45
20.33742 42
20.35788 47
20.37835 43
20.39881 52
20.41927 68
20.43973 57
20.46020 43
20.48066 41
20.50112 41
20.52158 49
20.54205 53
20.56251 69
20.58297 60
20.60344 95
20.62390 119
20.64436 166
20.66482 287
20.68529 401
20.70575 408
20.72621 285
20.74668 127
20.76714 101
20.78760 69
20.80806 54
20.82853 62
20.84899 44
20.86945 60
20.88991 51
20.91038 41
20.93084 49
20.95130 31
20.97177 48
20.99223 38
21.01269 53
21.03315 33
21.05362 27
21.07408 34
21.09454 65
21.11501 48
21.13547 37
21.15593 37
21.17639 31
21.19686 45
21.21732 36
21.23778 40
21.25824 42
21.27871 47
21.29917 54
21.31963 44
21.34010 28
21.36056 29
21.38102 37
21.40148 45
21.42195 49
21.44241 45
21.46287 32
21.48333 33
21.50380 28
21.52426 39
21.54472 47
21.56519 34
21.58565 33
21.60611 34
21.62657 46
21.64704 47
21.66750 39
21.68796 28
21.70843 34
21.72889 43
21.74935 44
21.76981 42
21.79028 34
21.81074 46
21.83120 44
21.85166 44
21.87213 57
21.89259 94
21.91305 77
21.93352 90
21.95398 104
21.97444 199
21.99490 257
22.01537 295
22.03583 217
22.05629 108
22.07676 55
22.09722 77
22.11768 65
22.13814 44
22.15861 27
22.17907 43
22.19953 57
22.21999 42
22.24046 38
22.26092 47
22.28138 30
22.30185 61
22.32231 66
22.34277 49
22.36323 41
22.38370 25
22.40416 25
22.42462 45
22.44509 43
22.46555 46
22.48601 30
22.50647 36
22.52694 40
22.54740 44
22.56786 40
22.58832 35
22.60879 46
22.62925 41
22.64971 37
22.67018 43
22.69064 32
22.71110 33
22.73156 36
22.75203 28
22.77249 47
22.79295 19
22.81342 33
22.83388 35
22.85434 36
22.87480 26
22.89527 29
22.91573 40
22.93619 30
22.95665 40
22.97712 44
22.99758 60
23.01804 39
23.03851 58
23.05897 29
23.07943 46
23.09989 39
23.12036 33
23.14082 33
23.16128 50
23.18175 49
23.20221 65
23.22267 54
23.24313 59
23.26360 67
23.28406 94
23.30452 98
23.32498 119
23.34545 167
23.36591 226
23.38637 390
23.40684 678
23.42730 709
23.44776 456
23.46822 167
23.48869 85
23.50915 76
23.52961 84
23.55008 74
23.57054 56
23.59100 68
23.61146 100
23.63193 102
23.65239 81
23.67285 85
23.69331 122
23.71378 190
23.73424 327
23.75470 439
23.77517 385
23.79563 162
23.81609 43
23.83655 61
23.85702 81
23.87748 94
23.89794 48
23.91841 39
23.93887 39
23.95933 43
23.97979 31
24.00026 33
24.02072 48
24.04118 43
24.06164 61
24.08211 29
24.10257 39
24.12303 19
24.14350 46
24.16396 41
24.18442 49
24.20488 30
24.22535 17
24.24581 30
24.26627 39
24.28674 45
24.30720 38
24.32766 36
24.34812 25
24.36859 31
24.38905 52
24.40951 55
24.42997 36
24.45044 24
24.47090 16
24.49136 28
24.51183 36
24.53229 39
24.55275 36
24.57321 29
24.59368 26
24.61414 29
24.63460 32
24.65507 50
24.67553 40
24.69599 43
24.71645 30
24.73692 48
24.75738 35
24.77784 38
24.79830 22
24.81877 40
24.83923 24
24.85969 40
24.88016 29
24.90062 38
24.92108 22
24.94154 31
24.96201 39
24.98247 31
25.00293 44
25.02340 39
25.04386 42
25.06432 36
25.08478 34
25.10525 41
25.12571 38
25.14617 39
25.16663 28
25.18710 29
25.20756 26
25.22802 38
25.24849 31
25.26895 45
25.28941 16
25.30987 34
25.33034 31
25.35080 50
25.37126 39
25.39173 31
25.41219 22
25.43265 35
25.45311 48
25.47358 41
25.49404 21
25.51450 20
25.53496 30
25.55543 56
25.57589 48
25.59635 44
25.61682 43
25.63728 37
25.65774 53
25.67820 110
25.69867 142
25.71913 167
25.73959 138
25.76006 55
25.78052 46
25.80098 42
25.82144 56
25.84191 29
25.86237 24
25.88283 41
25.90329 44
25.92376 46
25.94422 34
25.96468 17
25.98515 33
26.00561 35
26.02607 26
26.04653 32
26.06700 34
26.08746 32
26.10792 31
26.12839 49
26.14885 47
26.16931 57
26.18977 34
26.21024 50
26.23070 33
26.25116 40
26.27162 40
26.29209 37
26.31255 41
26.33301 54
26.35348 46
26.37394 51
26.39440 39
26.41486 54
26.43533 82
26.45579 110
26.47625 162
26.49672 217
26.51718 133
26.53764 85
26.55810 64
26.57857 31
26.59903 21
26.61949 24
26.63995 48
26.66042 48
26.68088 47
26.70134 39
26.72181 19
26.74227 46
26.76273 38
26.78319 32
26.80366 38
26.82412 35
26.84458 46
26.86505 39
26.88551 41
26.90597 38
26.92643 36
26.94690 15
26.96736 40
26.98782 29
27.00828 56
27.02875 34
27.04921 37
27.06967 30
27.09014 51
27.11060 36
27.13106 39
27.15152 38
27.17199 43
27.19245 51
27.21291 86
27.23338 92
27.25384 68
27.27430 56
27.29476 40
27.31523 35
27.33569 31
27.35615 37
27.37661 42
27.39708 36
27.41754 23
27.43800 28
27.45847 16
27.47893 24
27.49939 39
27.51985 47
27.54032 52
27.56078 39
27.58124 55
27.60171 37
27.62217 52
27.64263 63
27.66309 101
27.68356 73
27.70402 76
27.72448 80
27.74494 67
27.76541 58
27.78587 75
27.80633 65
27.82680 51
27.84726 41
27.86772 30
27.88818 39
27.90865 35
27.92911 41
27.94957 33
27.97004 55
27.99050 35
28.01096 64
28.03142 71
28.05189 48
28.07235 53
28.09281 49
28.11327 36
28.13374 33
28.15420 37
28.17466 50
28.19513 55
28.21559 73
28.23605 89
28.25651 64
28.27698 43
28.29744 36
28.31790 40
28.33837 54
28.35883 38
28.37929 42
28.39975 21
28.42022 36
28.44068 40
28.46114 23
28.48160 39
28.50207 31
28.52253 33
28.54299 38
28.56346 38
28.58392 29
28.60438 37
28.62484 25
28.64531 34
28.66577 32
28.68623 22
28.70670 37
28.72716 52
28.74762 48
28.76808 42
28.78855 46
28.80901 40
28.82947 59
28.84993 34
28.87040 32
28.89086 41
28.91132 37
28.93179 44
28.95225 41
28.97271 36
28.99317 48
29.01364 36
29.03410 35
29.05456 57
29.07503 48
29.09549 47
29.11595 42
29.13641 51
29.15688 22
29.17734 17
29.19780 27
29.21826 53
29.23873 43
29.25919 38
29.27965 51
29.30012 36
29.32058 35
29.34104 25
29.36150 45
29.38197 49
29.40243 52
29.42289 65
29.44336 70
29.46382 76
29.48428 91
29.50474 71
29.52521 77
29.54567 89
29.56613 78
29.58659 107
29.60706 129
29.62752 158
29.64798 207
29.66845 217
29.68891 336
29.70937 481
29.72983 868
29.75030 1664
29.77076 2708
29.79122 2893
29.81169 1668
29.83215 706
29.85261 460
29.87307 247
29.89354 135
29.91400 124
29.93446 104
29.95492 151
29.97539 143
29.99585 135
30.01631 107
30.03678 103
30.05724 57
30.07770 68
30.09816 65
30.11863 44
30.13909 70
30.15955 49
30.18002 58
30.20048 57
30.22094 44
30.24140 49
30.26187 47
30.28233 32
30.30279 37
30.32325 37
30.34372 47
30.36418 43
30.38464 36
30.40511 37
30.42557 39
30.44603 33
30.46649 47
30.48696 37
30.50742 37
30.52788 27
30.54835 30
30.56881 39
30.58927 46
30.60973 35
30.63020 38
30.65066 34
30.67112 36
30.69158 43
30.71205 18
30.73251 37
30.75297 40
30.77344 30
30.79390 33
30.81436 50
30.83482 27
30.85529 40
30.87575 38
30.89621 52
30.91668 85
30.93714 79
30.95760 147
30.97806 192
30.99853 211
31.01899 197
31.03945 117
31.05991 76
31.08038 62
31.10084 41
31.12130 43
31.14177 28
31.16223 51
31.18269 56
31.20315 37
31.22362 45
31.24408 42
31.26454 35
31.28501 37
31.30547 23
31.32593 46
31.34639 49
31.36686 33
31.38732 49
31.40778 54
31.42824 30
31.44871 49
31.46917 35
31.48963 39
31.51010 42
31.53056 52
31.55102 54
31.57148 37
31.59195 43
31.61241 45
31.63287 54
31.65334 55
31.67380 30
31.69426 34
31.71472 33
31.73519 42
31.75565 59
31.77611 44
31.79657 41
31.81704 35
31.83750 52
31.85796 52
31.87843 74
31.89889 83
31.91935 57
31.93981 77
31.96028 95
31.98074 81
32.00120 153
32.02167 145
32.04213 162
32.06259 111
32.08305 86
32.10352 77
32.12398 53
32.14444 81
32.16490 81
32.18537 101
32.20583 84
32.22629 62
32.24676 66
32.26722 78
32.28768 104
32.30815 98
32.32861 78
32.34907 74
32.36953 47
32.38999 55
32.41046 62
32.43092 48
32.45138 80
32.47185 66
32.49231 106
32.51277 130
32.53324 149
32.55370 177
32.57416 250
32.59462 368
32.61508 523
32.63555 939
32.65601 1348
32.67647 1302
32.69694 787
32.71740 431
32.73786 278
32.75833 240
32.77879 178
32.79925 182
32.81971 209
32.84018 313
32.86064 432
32.88110 677
32.90156 1079
32.92203 1450
32.94249 1308
32.96295 663
32.98342 264
33.00388 232
33.02434 137
33.04481 152
33.06527 166
33.08573 116
33.10619 164
33.12665 127
33.14712 89
33.16758 116
33.18804 83
33.20851 54
33.22897 49
33.24943 46
33.26990 52
33.29036 47
33.31082 50
33.33128 49
33.35174 47
33.37221 47
33.39267 54
33.41313 33
33.43360 39
33.45406 37
33.47452 31
33.49499 54
33.51545 48
33.53591 41
33.55637 49
33.57684 47
33.59730 33
33.61776 66
33.63822 71
33.65869 83
33.67915 60
33.69961 42
33.72008 35
33.74054 33
33.76100 53
33.78147 47
33.80193 46
33.82239 55
33.84285 28
33.86331 38
33.88378 21
33.90424 27
33.92470 47
33.94517 41
33.96563 58
33.98609 39
34.00656 32
34.02702 41
34.04748 54
34.06794 41
34.08840 39
34.10887 41
34.12933 34
34.14979 36
34.17026 50
34.19072 45
34.21118 50
34.23165 66
34.25211 47
34.27257 47
34.29303 58
34.31350 48
34.33396 53
34.35442 47
34.37488 65
34.39535 68
34.41581 67
34.43627 85
34.45674 61
34.47720 91
34.49766 89
34.51813 63
34.53859 58
34.55905 55
34.57951 54
34.59997 67
34.62044 89
34.64090 65
34.66136 66
34.68183 112
34.70229 155
34.72275 248
34.74322 235
34.76368 170
34.78414 86
34.80460 60
34.82506 51
34.84553 59
34.86599 62
34.88645 64
34.90692 88
34.92738 57
34.94784 55
34.96831 42
34.98877 47
35.00923 43
35.02969 35
35.05016 46
35.07062 38
35.09108 49
35.11154 49
35.13201 41
35.15247 41
35.17293 41
35.19340 47
35.21386 63
35.23432 111
35.25479 162
35.27525 242
35.29571 269
35.31617 188
35.33663 117
35.35710 95
35.37756 108
35.39802 157
35.41849 237
35.43895 398
35.45941 531
35.47988 420
35.50034 249
35.52080 137
35.54126 70
35.56172 58
35.58219 57
35.60265 27
35.62311 66
35.64358 59
35.66404 78
35.68450 86
35.70497 82
35.72543 112
35.74589 151
35.76635 162
35.78682 237
35.80728 257
35.82774 223
35.84820 133
35.86867 73
35.88913 65
35.90959 64
35.93006 16
35.95052 41
35.97098 51
35.99145 35
36.01191 54
36.03237 52
36.05283 56
36.07329 35
36.09376 30
36.11422 35
36.13468 49
36.15515 40
36.17561 42
36.19607 68
36.21654 57
36.23700 40
36.25746 57
36.27792 59
36.29838 67
36.31885 131
36.33931 212
36.35977 358
36.38024 498
36.40070 393
36.42116 219
36.44163 115
36.46209 79
36.48255 65
36.50301 65
36.52348 68
36.54394 62
36.56440 61
36.58486 94
36.60533 71
36.62579 113
36.64625 132
36.66672 255
36.68718 405
36.70764 486
36.72811 386
36.74857 172
36.76903 109
36.78949 120
36.80995 125
36.83042 40
36.85088 55
36.87134 54
36.89181 35
36.91227 25
36.93273 62
36.95320 31
36.97366 40
36.99412 51
37.01458 35
37.03504 28
37.05551 22
37.07597 34
37.09643 38
37.11690 40
37.13736 35
37.15782 44
37.17829 25
37.19875 29
37.21921 36
37.23967 28
37.26014 23
37.28060 39
37.30106 36
37.32152 23
37.34199 39
37.36245 28
37.38291 17
37.40338 32
37.42384 32
37.44430 23
37.46477 40
37.48523 37
37.50569 35
37.52615 29
37.54661 49
37.56708 38
37.58754 34
37.60800 24
37.62847 25
37.64893 21
37.66939 31
37.68986 32
37.71032 38
37.73078 37
37.75124 41
37.77170 31
37.79217 26
37.81263 21
37.83309 31
37.85356 46
37.87402 78
37.89448 86
37.91495 121
37.93541 112
37.95587 59
37.97633 35
37.99680 53
38.01726 25
38.03772 10
38.05818 17
38.07865 27
38.09911 26
38.11957 40
38.14004 37
38.16050 42
38.18096 35
38.20143 26
38.22189 15
38.24235 28
38.26281 23
38.28327 26
38.30374 30
38.32420 29
38.34466 21
38.36513 32
38.38559 28
38.40605 25
38.42652 39
38.44698 26
38.46744 28
38.48790 30
38.50836 24
38.52883 33
38.54929 33
38.56975 22
38.59022 32
38.61068 34
38.63114 40
38.65161 35
38.67207 46
38.69253 50
38.71299 57
38.73346 68
38.75392 93
38.77438 134
38.79484 204
38.81531 298
38.83577 295
38.85623 204
38.87670 97
38.89716 69
38.91762 32
38.93809 74
38.95855 52
38.97901 56
38.99947 37
39.01993 48
39.04040 22
39.06086 43
39.08132 33
39.10179 36
39.12225 40
39.14271 42
39.16318 34
39.18364 29
39.20410 35
39.22456 21
39.24502 24
39.26549 39
39.28595 29
39.30641 33
39.32688 40
39.34734 32
39.36780 30
39.38827 22
39.40873 27
39.42919 27
39.44965 33
39.47012 37
39.49058 29
39.51104 38
39.53150 32
39.55197 19
39.57243 11
39.59289 36
39.61336 36
39.63382 29
39.65428 39
39.67475 47
39.69521 28
39.71567 19
39.73613 21
39.75659 25
39.77706 20
39.79752 31
39.81798 31
39.83845 49
39.85891 25
39.87937 32
39.89984 37
39.92030 22
39.94076 18
39.96122 36
39.98168 12
40.00215 22
40.02261 34
40.04307 30
40.06354 15
40.08400 37
40.10446 33
40.12493 45
40.14539 40
40.16585 85
40.18631 77
40.20678 105
40.22724 87
40.24770 74
40.26816 49
40.28863 24
40.30909 32
40.32955 29
40.35002 19
40.37048 16
40.39094 37
40.41141 23
40.43187 26
40.45233 28
40.47279 32
40.49325 25
40.51372 19
40.53418 28
40.55464 12
40.57511 33
40.59557 27
40.61603 42
40.63650 33
40.65696 29
40.67742 32
40.69788 32
40.71834 25
40.73881 22
40.75927 36
40.77973 34
40.80020 24
40.82066 26
40.84112 21
40.86159 33
40.88205 29
40.90251 20
40.92297 24
40.94344 19
40.96390 32
40.98436 41
41.00482 37
41.02529 28
41.04575 32
41.06621 26
41.08668 14
41.10714 13
41.12760 21
41.14807 32
41.16853 39
41.18899 29
41.20945 37
41.22991 49
41.25038 40
41.27084 47
41.29130 59
41.31177 87
41.33223 128
41.35269 107
41.37316 89
41.39362 59
41.41408 56
41.43454 31
41.45500 30
41.47547 36
41.49593 37
41.51639 32
41.53686 20
41.55732 34
41.57778 43
41.59825 35
41.61871 49
41.63917 36
41.65963 47
41.68010 28
41.70056 18
41.72102 19
41.74148 30
41.76195 26
41.78241 17
41.80287 37
41.82334 46
41.84380 50
41.86426 51
41.88473 36
41.90519 38
41.92565 57
41.94611 51
41.96657 33
41.98704 32
42.00750 37
42.02796 30
42.04843 24
42.06889 35
42.08935 28
42.10982 26
42.13028 22
42.15074 31
42.17120 20
42.19166 17
42.21213 23
42.23259 27
42.25305 36
42.27352 19
42.29398 28
42.31444 29
42.33491 31
42.35537 27
42.37583 24
42.39629 32
42.41676 30
42.43722 23
42.45768 21
42.47814 24
42.49861 26
42.51907 28
42.53953 33
42.56000 29
42.58046 30
42.60092 25
42.62138 13
42.64185 25
42.66231 22
42.68277 21
42.70323 17
42.72370 38
42.74416 19
42.76462 26
42.78509 27
42.80555 31
42.82601 26
42.84648 34
42.86694 28
42.88740 20
42.90786 18
42.92832 20
42.94879 20
42.96925 33
42.98971 29
43.01018 27
43.03064 36
43.05110 28
43.07157 24
43.09203 38
43.11249 32
43.13295 41
43.15342 67
43.17388 58
43.19434 53
43.21480 25
43.23527 31
43.25573 31
43.27619 33
43.29666 14
43.31712 30
43.33758 44
43.35804 27
43.37851 45
43.39897 52
43.41943 60
43.43989 114
43.46036 185
43.48082 281
43.50128 255
43.52175 153
43.54221 83
43.56267 50
43.58314 49
43.60360 30
43.62406 50
43.64452 47
43.66498 24
43.68545 46
43.70591 45
43.72637 34
43.74684 21
43.76730 12
43.78776 29
43.80823 12
43.82869 15
43.84915 23
43.86961 33
43.89008 31
43.91054 35
43.93100 36
43.95146 19
43.97193 24
43.99239 31
44.01285 32
44.03332 32
44.05378 43
44.07424 43
44.09470 30
44.11517 26
44.13563 51
44.15609 62
44.17655 58
44.19702 95
44.21748 97
44.23794 96
44.25841 63
44.27887 43
44.29933 52
44.31980 29
44.34026 20
44.36072 30
44.38118 32
44.40164 42
44.42211 17
44.44257 29
44.46303 28
44.48350 32
44.50396 28
44.52442 32
44.54489 23
44.56535 31
44.58581 39
44.60627 24
44.62674 33
44.64720 32
44.66766 33
44.68812 20
44.70859 34
44.72905 49
44.74951 46
44.76998 69
44.79044 63
44.81090 101
44.83136 104
44.85183 110
44.87229 57
44.89275 49
44.91321 38
44.93368 32
44.95414 35
44.97460 36
44.99507 25
45.01553 31
45.03599 21
45.05646 25
45.07692 29
45.09738 26
45.11784 35
45.13830 31
45.15877 32
45.17923 26
45.19969 21
45.22016 28
45.24062 10
45.26108 32
45.28155 23
45.30201 36
45.32247 38
45.34293 26
45.36340 35
45.38386 14
45.40432 27
45.42478 20
45.44525 21
45.46571 29
45.48617 49
45.50664 56
45.52710 50
45.54756 36
45.56802 33
45.58849 49
45.60895 24
45.62941 27
45.64987 33
45.67034 25
45.69080 31
45.71126 27
45.73173 35
45.75219 21
45.77265 33
45.79312 30
45.81358 34
45.83404 32
45.85450 32
45.87496 36
45.89543 22
45.91589 24
45.93635 32
45.95682 43
45.97728 41
45.99774 50
46.01821 57
46.03867 51
46.05913 66
46.07959 43
46.10006 29
46.12052 31
46.14098 38
46.16144 37
46.18191 33
46.20237 48
46.22283 43
46.24330 63
46.26376 45
46.28422 81
46.30468 106
46.32515 108
46.34561 73
46.36607 68
46.38653 48
46.40700 46
46.42746 33
46.44792 50
46.46839 53
46.48885 43
46.50931 36
46.52978 41
46.55024 33
46.57070 19
46.59116 11
46.61162 21
46.63209 31
46.65255 21
46.67301 26
46.69348 36
46.71394 42
46.73440 35
46.75487 30
46.77533 34
46.79579 31
46.81625 23
46.83672 20
46.85718 29
46.87764 43
46.89810 42
46.91857 39
46.93903 30
46.95949 49
46.97996 42
47.00042 42
47.02088 44
47.04134 45
47.06181 59
47.08227 91
47.10273 80
47.12319 55
47.14366 42
47.16412 34
47.18458 32
47.20505 27
47.22551 50
47.24597 33
47.26644 49
47.28690 61
47.30736 55
47.32782 41
47.34828 32
47.36875 41
47.38921 26
47.40967 31
47.43014 48
47.45060 45
47.47106 82
47.49153 93
47.51199 59
47.53245 65
47.55291 79
47.57338 95
47.59384 66
47.61430 86
47.63476 152
47.65523 242
47.67569 439
47.69615 670
47.71662 1046
47.73708 1132
47.75754 849
47.77800 438
47.79847 293
47.81893 168
47.83939 129
47.85985 161
47.88032 108
47.90078 72
47.92124 40
47.94171 87
47.96217 66
47.98263 29
48.00310 33
48.02356 40
48.04402 43
48.06448 37
48.08494 23
48.10541 47
48.12587 39
48.14633 43
48.16680 31
48.18726 39
48.20772 46
48.22819 43
48.24865 52
48.26911 49
48.28957 58
48.31004 70
48.33050 60
48.35096 84
48.37142 157
48.39189 227
48.41235 328
48.43281 528
48.45328 564
48.47374 421
48.49420 234
48.51466 108
48.53513 99
48.55559 62
48.57605 33
48.59651 58
48.61698 35
48.63744 46
48.65790 58
48.67837 52
48.69883 60
48.71929 40
48.73976 43
48.76022 51
48.78068 33
48.80114 29
48.82160 24
48.84207 32
48.86253 25
48.88299 35
48.90346 37
48.92392 41
48.94438 31
48.96485 38
48.98531 40
49.00577 40
49.02623 37
49.04670 27
49.06716 39
49.08762 20
49.10808 19
49.12855 13
49.14901 27
49.16947 31
49.18994 24
49.21040 27
49.23086 29
49.25132 36
49.27179 33
49.29225 22
49.31271 20
49.33317 23
49.35364 15
49.37410 21
49.39456 19
49.41503 21
49.43549 20
49.45595 22
49.47642 27
49.49688 23
49.51734 21
49.53780 30
49.55827 22
49.57873 21
49.59919 12
49.61965 12
49.64012 31
49.66058 21
49.68104 35
49.70151 28
49.72197 34
49.74243 36
49.76289 22
49.78336 27
49.80382 31
49.82428 29
49.84474 30
49.86521 18
49.88567 34
49.90613 26
49.92660 35
49.94706 24
49.96752 25
49.98798 22
50.00845 22
50.02891 39
50.04937 24
50.06983 45
50.09030 27
50.11076 41
50.13122 44
50.15169 30
50.17215 34
50.19261 29
50.21308 31
50.23354 47
50.25400 50
50.27446 65
50.29493 71
50.31539 60
50.33585 100
50.35631 125
50.37678 205
50.39724 292
50.41770 313
50.43817 223
50.45863 110
50.47909 85
50.49955 39
50.52002 60
50.54048 41
50.56094 66
50.58140 68
50.60187 93
50.62233 125
50.64279 188
50.66326 254
50.68372 321
50.70418 288
50.72464 331
50.74511 286
50.76557 236
50.78603 168
50.80649 93
50.82696 129
50.84742 73
50.86788 91
50.88835 84
50.90881 72
50.92927 43
50.94974 52
50.97020 36
50.99066 38
51.01112 22
51.03159 43
51.05205 24
51.07251 30
51.09297 31
51.11344 28
51.13390 36
51.15436 40
51.17483 27
51.19529 26
51.21575 38
51.23621 33
51.25668 20
51.27714 27
51.29760 34
51.31806 32
51.33853 33
51.35899 20
51.37945 20
51.39992 26
51.42038 23
51.44084 20
51.46130 23
51.48177 16
51.50223 23
51.52269 15
51.54315 35
51.56362 22
51.58408 34
51.60454 29
51.62501 32
51.64547 36
51.66593 22
51.68640 18
51.70686 32
51.72732 36
51.74778 31
51.76825 26
51.78871 28
51.80917 24
51.82963 30
51.85010 15
51.87056 11
51.89102 31
51.91149 49
51.93195 52
51.95241 36
51.97287 53
51.99334 63
52.01380 68
52.03426 51
52.05472 59
52.07519 80
52.09565 88
52.11611 100
52.13658 155
52.15704 177
52.17750 190
52.19796 184
52.21843 213
52.23889 179
52.25935 131
52.27981 78
52.30028 45
52.32074 48
52.34120 52
52.36167 30
52.38213 38
52.40259 53
52.42306 56
52.44352 37
52.46398 33
52.48444 22
52.50491 40
52.52537 25
52.54583 28
52.56629 24
52.58676 45
52.60722 47
52.62768 64
52.64815 76
52.66861 158
52.68907 141
52.70953 108
52.73000 75
52.75046 42
52.77092 34
52.79138 49
52.81185 27
52.83231 34
52.85277 12
52.87324 24
52.89370 23
52.91416 36
52.93462 22
52.95509 28
52.97555 26
52.99601 32
53.01647 20
53.03694 25
53.05740 31
53.07786 28
53.09833 32
53.11879 28
53.13925 17
53.15972 26
53.18018 32
53.20064 18
53.22110 24
53.24157 23
53.26203 19
53.28249 27
53.30295 23
53.32342 11
53.34388 22
53.36434 31
53.38481 20
53.40527 12
53.42573 25
53.44619 15
53.46666 27
53.48712 22
53.50758 20
53.52804 22
53.54851 28
53.56897 30
53.58943 32
53.60990 25
53.63036 9
53.65082 35
53.67128 21
53.69175 16
53.71221 32
53.73267 25
53.75313 26
53.77360 39
53.79406 18
53.81452 24
53.83499 25
53.85545 27
53.87591 30
53.89638 23
53.91684 23
53.93730 29
53.95776 35
53.97823 25
53.99869 22
54.01915 35
54.03961 35
54.06008 37
54.08054 33
54.10100 36
54.12147 23
54.14193 36
54.16239 37
54.18285 28
54.20332 23
54.22378 54
54.24424 36
54.26470 50
54.28517 64
54.30563 82
54.32609 137
54.34656 204
54.36702 202
54.38748 181
54.40794 135
54.42841 100
54.44887 72
54.46933 43
54.48979 22
54.51026 34
54.53072 59
54.55118 41
54.57165 36
54.59211 32
54.61257 53
54.63304 61
54.65350 56
54.67396 51
54.69442 52
54.71489 40
54.73535 38
54.75581 37
54.77627 36
54.79674 46
54.81720 52
54.83766 59
54.85813 88
54.87859 145
54.89905 199
54.91951 310
54.93998 342
54.96044 258
54.98090 139
55.00136 65
55.02183 51
55.04229 61
55.06275 35
55.08322 57
55.10368 42
55.12414 49
55.14460 62
55.16507 49
55.18553 35
55.20599 48
55.22646 24
55.24692 27
55.26738 23
55.28784 11
55.30831 25
55.32877 30
55.34923 27
55.36970 23
55.39016 45
55.41062 37
55.43108 39
55.45155 44
55.47201 40
55.49247 18
55.51293 31
55.53340 26
55.55386 25
55.57432 25
55.59479 17
55.61525 20
55.63571 21
55.65617 18
55.67664 30
55.69710 17
55.71756 26
55.73802 30
55.75849 38
55.77895 44
55.79941 25
55.81988 20
55.84034 33
55.86080 27
55.88126 37
55.90173 37
55.92219 14
55.94265 50
55.96312 85
55.98358 83
56.00404 90
56.02450 76
56.04497 71
56.06543 75
56.08589 80
56.10636 58
56.12682 54
56.14728 61
56.16774 78
56.18821 86
56.20867 71
56.22913 107
56.24959 136
56.27006 249
56.29052 280
56.31098 259
56.33145 230
56.35191 130
56.37237 112
56.39283 102
56.4133  84
56.43376 57
56.45422 94
56.47468 82
56.49515 88
56.51561 80
56.53607 47
56.55654 54
56.57700 44
56.59746 69
56.61792 49
56.63839 65
56.65885 59
56.67931 90
56.69978 165
56.72024 209
56.74070 174
56.76116 135
56.78163 101
56.80209 48
56.82255 83
56.84302 85
56.86348 69
56.88394 108
56.90440 119
56.92487 81
56.94533 71
56.96579 77
56.98625 50
57.00672 46
57.02718 50
57.04764 22
57.06811 20
57.08857 28
57.10903 40
57.12949 19
57.14996 35
57.17042 49
57.19088 25
57.21134 32
57.23181 33
57.25227 21
57.27273 28
57.29320 32
57.31366 33
57.33412 32
57.35458 38
57.37505 36
57.39551 36
57.41597 32
57.43644 23
57.45690 26
57.47736 26
57.49782 32
57.51829 29
57.53875 37
57.55921 58
57.57968 123
57.60014 176
57.62060 261
57.64106 257
57.66153 172
57.68199 80
57.70245 69
57.72291 39
57.74338 20
57.76384 50
57.78430 11
57.80477 34
57.82523 32
57.84569 35
57.86615 30
57.88662 36
57.90708 18
57.92754 23
57.94800 32
57.96847 6
57.98893 17
58.00939 17
58.02986 20
58.05032 23
58.07078 35
58.09124 18
58.11171 36
58.13217 28
58.15263 20
58.1731  21
58.19356 26
58.21402 26
58.23448 8
58.25495 14
58.27541 13
58.29587 23
58.31634 9
58.33680 23
58.35726 30
58.37772 20
58.39819 31
58.41865 30
58.43911 38
58.45957 24
58.48004 33
58.50050 22
58.52096 24
58.54143 32
58.56189 26
58.58235 21
58.60281 19
58.62328 38
58.64374 43
58.66420 45
58.68466 43
58.70513 55
58.72559 29
58.74605 40
58.76652 29
58.78698 30
58.80744 29
58.82790 35
58.84837 11
58.86883 13
58.88929 19
58.90976 14
58.93022 17
58.95068 14
58.97114 13
58.99161 17
59.01207 20
59.03253 42
59.05300 15
59.07346 28
59.09392 29
59.11438 23
59.13485 26
59.15531 31
59.17577 25
59.19623 17
59.21670 23
59.23716 12
59.25762 11
59.27809 22
59.29855 17
59.31901 11
59.33947 18
59.35994 22
59.38040 21
59.40086 20
59.42132 24
59.44179 27
59.46225 28
59.48271 34
59.50318 20
59.52364 19
59.54410 20
59.56456 16
59.58503 26
59.60549 28
59.62595 18
59.64642 22
59.66688 27
59.68734 32
59.70780 30
59.72827 22
59.74873 17
59.76919 31
59.78966 36
59.81012 30
59.83058 27
59.85104 27
59.87151 29
59.89197 50
59.91243 45
59.93289 34
59.95336 34
59.97382 43
59.99428 66
60.01475 84
60.03521 125
60.05567 122
60.07613 95
60.0966  111
60.11706 69
60.13752 42
60.15799 46
60.17845 42
60.19891 20
60.21937 9
60.23984 52
60.26030 42
60.28076 39
60.30122 41
60.32169 17
60.34215 27
60.36261 33
60.38308 44
60.40354 22
60.42400 18
60.44446 41
60.46493 30
60.48539 43
60.50585 34
60.52632 43
60.54678 37
60.56724 61
60.58770 72
60.60817 109
60.62863 134
60.64909 188
60.66955 210
60.69002 151
60.71048 102
60.73094 78
60.75141 62
60.77187 57
60.79233 65
60.81279 35
60.83326 23
60.85372 40
60.87418 31
60.89465 15
60.91511 31
60.93557 9
60.95603 6
60.97650 27
60.99696 53
61.01742 19
61.03788 21
61.05835 26
61.07881 33
61.09927 32
61.11974 52
61.14020 31
61.16066 22
61.18112 34
61.20159 33
61.22205 23
61.24251 25
61.26298 26
61.28344 7
61.30390 25
61.32436 28
61.34483 19
61.36529 28
61.38575 28
61.40621 39
61.42668 42
61.44714 51
61.46760 37
61.48807 38
61.50853 31
61.52899 28
61.54945 28
61.56992 21
61.59038 10
61.61084 36
61.63131 44
61.65177 40
61.67223 43
61.69269 67
61.71316 70
61.73362 121
61.75408 180
61.77454 175
61.79501 132
61.81547 109
61.83593 79
61.8564  72
61.87686 102
61.89732 138
61.91778 163
61.93825 146
61.95871 125
61.97917 85
61.99964 58
62.02010 23
62.04056 50
62.06102 28
62.08149 15
62.10195 53
62.12241 25
62.14287 45
62.16334 34
62.18380 56
62.20426 25
62.22473 23
62.24519 33
62.26565 36
62.28611 26
62.30658 35
62.32704 23
62.34750 12
62.36797 23
62.38843 26
62.40889 27
62.42935 22
62.44982 28
62.47028 32
62.49074 25
62.51120 33
62.53167 37
62.55213 20
62.57259 27
62.59306 36
62.61352 26
62.63398 28
62.65444 30
62.67491 36
62.69537 24
62.71583 25
62.73630 33
62.75676 33
62.77722 17
62.79768 22
62.81815 25
62.83861 32
62.85907 25
62.87953 26
62.90000 23
62.92046 23
62.94092 36
62.96139 30
62.98185 28
63.00231 34
63.02277 24
63.04324 32
63.06370 43
63.08416 73
63.10463 63
63.12509 80
63.14555 119
63.16601 102
63.18648 92
63.20694 59
63.22740 54
63.24786 44
63.26833 52
63.28879 60
63.30925 54
63.32972 57
63.35018 79
63.37064 73
63.39110 45
63.41157 35
63.43203 29
63.45249 23
63.47296 12
63.49342 27
63.51388 2
63.53434 12
63.55481 35
63.57527 26
63.59573 25
63.61619 39
63.63666 37
63.65712 52
63.67758 81
63.69805 111
63.71851 132
63.73897 162
63.75943 163
63.7799  123
63.80036 71
63.82082 54
63.84129 32
63.86175 39
63.88221 38
63.90267 13
63.92314 33
63.94360 9
63.96406 20
63.98452 41
64.00499 25
64.02545 24
64.04591 22
64.06638 14
64.08684 27
64.10730 16
64.12776 27
64.14823 17
64.16869 14
64.18915 27
64.20961 29
64.23008 31
64.25054 38
64.27101 55
64.29147 77
64.31193 79
64.33239 81
64.35285 100
64.37332 74
64.39378 60
64.41424 50
64.43470 48
64.45517 32
64.47563 16
64.49610 13
64.51656 37
64.53702 25
64.55748 30
64.57795 34
64.59841 42
64.61887 38
64.63933 24
64.65979 38
64.68026 29
64.70072 22
64.72119 40
64.74165 34
64.76211 25
64.78257 33
64.80304 37
64.82350 39
64.84396 51
64.86442 58
64.88488 55
64.90535 39
64.92581 29
64.94628 36
64.96674 18
64.98720 27
65.00766 24
65.02813 31
65.04859 42
65.06905 24
65.08951 27
65.10998 29
65.13044 14
65.15090 13
65.17137 9
65.19183 25
65.21229 11
65.23275 8
65.25322 14
65.27368 18
65.29414 22
65.31461 22
65.33507 37
65.35553 35
65.37599 10
65.39646 24
65.41692 23
65.43738 13
65.45784 17
65.47831 12
65.49877 14
65.51923 12
65.53970 11
65.56016 34
65.58062 15
65.60108 15
65.62155 29
65.64201 19
65.66247 20
65.68293 27
65.7034  19
65.72386 19
65.74433 17
65.76479 18
65.78525 30
65.80571 21
65.82618 32
65.84664 24
65.86710 12
65.88756 35
65.90802 38
65.92849 48
65.94895 64
65.96942 73
65.98988 81
66.01034 63
66.03080 54
66.05127 40
66.07173 16
66.09219 34
66.11265 24
66.13311 25
66.15358 38
66.17404 24
66.19451 23
66.21497 13
66.23543 20
66.25589 28
66.27636 23
66.29682 26
66.31728 30
66.33774 15
66.35820 16
66.37867 28
66.39913 26
66.41960 48
66.44006 36
66.46052 33
66.48098 54
66.50145 83
66.52191 80
66.54237 82
66.56283 59
66.58330 76
66.60376 70
66.62422 114
66.64469 120
66.66515 104
66.68561 41
66.70607 49
66.72654 34
66.74700 39
66.76746 16
66.78793 36
66.80839 33
66.82885 11
66.84931 27
66.86978 35
66.89024 20
66.91070 23
66.93116 24
66.95163 32
66.97209 17
66.99255 33
67.01302 27
67.03348 21
67.05394 14
67.07440 20
67.09487 18
67.11533 26
67.13579 19
67.15625 20
67.17672 22
67.19718 16
67.21765 29
67.23811 29
67.25857 23
67.27903 21
67.2995  27
67.31996 26
67.34042 19
67.36088 15
67.38134 25
67.40181 12
67.42227 13
67.44274 18
67.46320 18
67.48366 18
67.50412 29
67.52459 16
67.54505 19
67.56551 22
67.58597 16
67.60643 21
67.6269  17
67.64736 19
67.66783 24
67.68829 19
67.70875 27
67.72921 26
67.74968 18
67.77014 23
67.79060 18
67.81106 23
67.83152 21
67.85199 23
67.87245 21
67.89292 16
67.91338 26
67.93384 33
67.95430 19
67.97477 24
67.99523 14
68.01569 20
68.03615 29
68.05662 15
68.07708 17
68.09754 24
68.11801 19
68.13847 17
68.15893 44
68.17939 41
68.19986 58
68.22032 50
68.24078 99
68.26125 88
68.28171 115
68.30217 136
68.32263 177
68.34310 158
68.36356 117
68.38402 64
68.40448 50
68.42495 39
68.44541 24
68.46587 21
68.48634 25
68.50680 8
68.52726 28
68.54772 30
68.56819 24
68.58865 16
68.60911 16
68.62957 15
68.65004 12
68.67050 18
68.69097 20
68.71143 26
68.73189 27
68.75235 17
68.77282 24
68.79328 25
68.81374 11
68.83420 23
68.85466 26
68.87513 21
68.89559 14
68.91606 19
68.93652 22
68.95698 18
68.97744 26
68.99791 16
69.01837 27
69.03883 24
69.05929 25
69.07975 24
69.10022 20
69.12068 8
69.14115 26
69.16161 14
69.18207 24
69.20253 13
69.223   12
69.24346 7
69.26392 19
69.28438 23
69.30484 17
69.32531 17
69.34577 17
69.36624 28
69.38670 28
69.40716 29
69.42762 25
69.44809 31
69.46855 26
69.48901 31
69.50947 41
69.52994 38
69.55040 30
69.57086 18
69.59133 22
69.61179 29
69.63225 32
69.65271 32
69.67318 28
69.69364 18
69.71410 26
69.73456 5
69.75503 23
69.77549 41
69.79595 25
69.81642 40
69.83688 30
69.85734 37
69.87780 21
69.89827 19
69.91873 22
69.93919 16
69.95966 19
69.98012 9
70.00058 21
